{
  "nbformat": 4,
  "nbformat_minor": 0,
  "metadata": {
    "colab": {
      "name": "Boston House Price Prediction.ipynb",
      "provenance": [],
      "collapsed_sections": [],
      "toc_visible": true
    },
    "kernelspec": {
      "name": "python3",
      "display_name": "Python 3"
    },
    "language_info": {
      "name": "python"
    }
  },
  "cells": [
    {
      "cell_type": "markdown",
      "source": [
        "# Import Package"
      ],
      "metadata": {
        "id": "AgT03SEXW3da"
      }
    },
    {
      "cell_type": "code",
      "execution_count": null,
      "metadata": {
        "id": "mcF08MOYWzKT"
      },
      "outputs": [],
      "source": [
        "import warnings\n",
        "warnings.filterwarnings('ignore')\n",
        "\n",
        "import numpy as np\n",
        "import pandas as pd\n",
        "import seaborn as sns\n",
        "import matplotlib.pyplot as plt\n",
        "%matplotlib inline"
      ]
    },
    {
      "cell_type": "markdown",
      "source": [
        "# Load Dataset"
      ],
      "metadata": {
        "id": "Yx8sK4pyYGiD"
      }
    },
    {
      "cell_type": "code",
      "source": [
        "admit = pd.read_csv('/content/drive/MyDrive/Kumpulan Data Set Bootcamp DS 11A/boston.csv')\n",
        "admit.head()"
      ],
      "metadata": {
        "colab": {
          "base_uri": "https://localhost:8080/",
          "height": 206
        },
        "id": "0C_eK5k9YKTu",
        "outputId": "a9424fcf-0276-4238-db15-9042ca3340ae"
      },
      "execution_count": null,
      "outputs": [
        {
          "output_type": "execute_result",
          "data": {
            "text/plain": [
              "      crim    zn  indus  chas    nox     rm   age     dis  rad  tax  ptratio  \\\n",
              "0  0.00632  18.0   2.31     0  0.538  6.575  65.2  4.0900    1  296     15.3   \n",
              "1  0.02731   0.0   7.07     0  0.469  6.421  78.9  4.9671    2  242     17.8   \n",
              "2  0.02729   0.0   7.07     0  0.469  7.185  61.1  4.9671    2  242     17.8   \n",
              "3  0.03237   0.0   2.18     0  0.458  6.998  45.8  6.0622    3  222     18.7   \n",
              "4  0.06905   0.0   2.18     0  0.458  7.147  54.2  6.0622    3  222     18.7   \n",
              "\n",
              "    black  lstat  medv  \n",
              "0  396.90   4.98  24.0  \n",
              "1  396.90   9.14  21.6  \n",
              "2  392.83   4.03  34.7  \n",
              "3  394.63   2.94  33.4  \n",
              "4  396.90   5.33  36.2  "
            ],
            "text/html": [
              "\n",
              "  <div id=\"df-502fa104-afe6-48f7-9b20-c6177025ede7\">\n",
              "    <div class=\"colab-df-container\">\n",
              "      <div>\n",
              "<style scoped>\n",
              "    .dataframe tbody tr th:only-of-type {\n",
              "        vertical-align: middle;\n",
              "    }\n",
              "\n",
              "    .dataframe tbody tr th {\n",
              "        vertical-align: top;\n",
              "    }\n",
              "\n",
              "    .dataframe thead th {\n",
              "        text-align: right;\n",
              "    }\n",
              "</style>\n",
              "<table border=\"1\" class=\"dataframe\">\n",
              "  <thead>\n",
              "    <tr style=\"text-align: right;\">\n",
              "      <th></th>\n",
              "      <th>crim</th>\n",
              "      <th>zn</th>\n",
              "      <th>indus</th>\n",
              "      <th>chas</th>\n",
              "      <th>nox</th>\n",
              "      <th>rm</th>\n",
              "      <th>age</th>\n",
              "      <th>dis</th>\n",
              "      <th>rad</th>\n",
              "      <th>tax</th>\n",
              "      <th>ptratio</th>\n",
              "      <th>black</th>\n",
              "      <th>lstat</th>\n",
              "      <th>medv</th>\n",
              "    </tr>\n",
              "  </thead>\n",
              "  <tbody>\n",
              "    <tr>\n",
              "      <th>0</th>\n",
              "      <td>0.00632</td>\n",
              "      <td>18.0</td>\n",
              "      <td>2.31</td>\n",
              "      <td>0</td>\n",
              "      <td>0.538</td>\n",
              "      <td>6.575</td>\n",
              "      <td>65.2</td>\n",
              "      <td>4.0900</td>\n",
              "      <td>1</td>\n",
              "      <td>296</td>\n",
              "      <td>15.3</td>\n",
              "      <td>396.90</td>\n",
              "      <td>4.98</td>\n",
              "      <td>24.0</td>\n",
              "    </tr>\n",
              "    <tr>\n",
              "      <th>1</th>\n",
              "      <td>0.02731</td>\n",
              "      <td>0.0</td>\n",
              "      <td>7.07</td>\n",
              "      <td>0</td>\n",
              "      <td>0.469</td>\n",
              "      <td>6.421</td>\n",
              "      <td>78.9</td>\n",
              "      <td>4.9671</td>\n",
              "      <td>2</td>\n",
              "      <td>242</td>\n",
              "      <td>17.8</td>\n",
              "      <td>396.90</td>\n",
              "      <td>9.14</td>\n",
              "      <td>21.6</td>\n",
              "    </tr>\n",
              "    <tr>\n",
              "      <th>2</th>\n",
              "      <td>0.02729</td>\n",
              "      <td>0.0</td>\n",
              "      <td>7.07</td>\n",
              "      <td>0</td>\n",
              "      <td>0.469</td>\n",
              "      <td>7.185</td>\n",
              "      <td>61.1</td>\n",
              "      <td>4.9671</td>\n",
              "      <td>2</td>\n",
              "      <td>242</td>\n",
              "      <td>17.8</td>\n",
              "      <td>392.83</td>\n",
              "      <td>4.03</td>\n",
              "      <td>34.7</td>\n",
              "    </tr>\n",
              "    <tr>\n",
              "      <th>3</th>\n",
              "      <td>0.03237</td>\n",
              "      <td>0.0</td>\n",
              "      <td>2.18</td>\n",
              "      <td>0</td>\n",
              "      <td>0.458</td>\n",
              "      <td>6.998</td>\n",
              "      <td>45.8</td>\n",
              "      <td>6.0622</td>\n",
              "      <td>3</td>\n",
              "      <td>222</td>\n",
              "      <td>18.7</td>\n",
              "      <td>394.63</td>\n",
              "      <td>2.94</td>\n",
              "      <td>33.4</td>\n",
              "    </tr>\n",
              "    <tr>\n",
              "      <th>4</th>\n",
              "      <td>0.06905</td>\n",
              "      <td>0.0</td>\n",
              "      <td>2.18</td>\n",
              "      <td>0</td>\n",
              "      <td>0.458</td>\n",
              "      <td>7.147</td>\n",
              "      <td>54.2</td>\n",
              "      <td>6.0622</td>\n",
              "      <td>3</td>\n",
              "      <td>222</td>\n",
              "      <td>18.7</td>\n",
              "      <td>396.90</td>\n",
              "      <td>5.33</td>\n",
              "      <td>36.2</td>\n",
              "    </tr>\n",
              "  </tbody>\n",
              "</table>\n",
              "</div>\n",
              "      <button class=\"colab-df-convert\" onclick=\"convertToInteractive('df-502fa104-afe6-48f7-9b20-c6177025ede7')\"\n",
              "              title=\"Convert this dataframe to an interactive table.\"\n",
              "              style=\"display:none;\">\n",
              "        \n",
              "  <svg xmlns=\"http://www.w3.org/2000/svg\" height=\"24px\"viewBox=\"0 0 24 24\"\n",
              "       width=\"24px\">\n",
              "    <path d=\"M0 0h24v24H0V0z\" fill=\"none\"/>\n",
              "    <path d=\"M18.56 5.44l.94 2.06.94-2.06 2.06-.94-2.06-.94-.94-2.06-.94 2.06-2.06.94zm-11 1L8.5 8.5l.94-2.06 2.06-.94-2.06-.94L8.5 2.5l-.94 2.06-2.06.94zm10 10l.94 2.06.94-2.06 2.06-.94-2.06-.94-.94-2.06-.94 2.06-2.06.94z\"/><path d=\"M17.41 7.96l-1.37-1.37c-.4-.4-.92-.59-1.43-.59-.52 0-1.04.2-1.43.59L10.3 9.45l-7.72 7.72c-.78.78-.78 2.05 0 2.83L4 21.41c.39.39.9.59 1.41.59.51 0 1.02-.2 1.41-.59l7.78-7.78 2.81-2.81c.8-.78.8-2.07 0-2.86zM5.41 20L4 18.59l7.72-7.72 1.47 1.35L5.41 20z\"/>\n",
              "  </svg>\n",
              "      </button>\n",
              "      \n",
              "  <style>\n",
              "    .colab-df-container {\n",
              "      display:flex;\n",
              "      flex-wrap:wrap;\n",
              "      gap: 12px;\n",
              "    }\n",
              "\n",
              "    .colab-df-convert {\n",
              "      background-color: #E8F0FE;\n",
              "      border: none;\n",
              "      border-radius: 50%;\n",
              "      cursor: pointer;\n",
              "      display: none;\n",
              "      fill: #1967D2;\n",
              "      height: 32px;\n",
              "      padding: 0 0 0 0;\n",
              "      width: 32px;\n",
              "    }\n",
              "\n",
              "    .colab-df-convert:hover {\n",
              "      background-color: #E2EBFA;\n",
              "      box-shadow: 0px 1px 2px rgba(60, 64, 67, 0.3), 0px 1px 3px 1px rgba(60, 64, 67, 0.15);\n",
              "      fill: #174EA6;\n",
              "    }\n",
              "\n",
              "    [theme=dark] .colab-df-convert {\n",
              "      background-color: #3B4455;\n",
              "      fill: #D2E3FC;\n",
              "    }\n",
              "\n",
              "    [theme=dark] .colab-df-convert:hover {\n",
              "      background-color: #434B5C;\n",
              "      box-shadow: 0px 1px 3px 1px rgba(0, 0, 0, 0.15);\n",
              "      filter: drop-shadow(0px 1px 2px rgba(0, 0, 0, 0.3));\n",
              "      fill: #FFFFFF;\n",
              "    }\n",
              "  </style>\n",
              "\n",
              "      <script>\n",
              "        const buttonEl =\n",
              "          document.querySelector('#df-502fa104-afe6-48f7-9b20-c6177025ede7 button.colab-df-convert');\n",
              "        buttonEl.style.display =\n",
              "          google.colab.kernel.accessAllowed ? 'block' : 'none';\n",
              "\n",
              "        async function convertToInteractive(key) {\n",
              "          const element = document.querySelector('#df-502fa104-afe6-48f7-9b20-c6177025ede7');\n",
              "          const dataTable =\n",
              "            await google.colab.kernel.invokeFunction('convertToInteractive',\n",
              "                                                     [key], {});\n",
              "          if (!dataTable) return;\n",
              "\n",
              "          const docLinkHtml = 'Like what you see? Visit the ' +\n",
              "            '<a target=\"_blank\" href=https://colab.research.google.com/notebooks/data_table.ipynb>data table notebook</a>'\n",
              "            + ' to learn more about interactive tables.';\n",
              "          element.innerHTML = '';\n",
              "          dataTable['output_type'] = 'display_data';\n",
              "          await google.colab.output.renderOutput(dataTable, element);\n",
              "          const docLink = document.createElement('div');\n",
              "          docLink.innerHTML = docLinkHtml;\n",
              "          element.appendChild(docLink);\n",
              "        }\n",
              "      </script>\n",
              "    </div>\n",
              "  </div>\n",
              "  "
            ]
          },
          "metadata": {},
          "execution_count": 32
        }
      ]
    },
    {
      "cell_type": "markdown",
      "source": [
        "# Data Preprocessing"
      ],
      "metadata": {
        "id": "U_bXzE3ztS4v"
      }
    },
    {
      "cell_type": "markdown",
      "source": [
        "## Missing Value"
      ],
      "metadata": {
        "id": "gqjmGY0Etb4H"
      }
    },
    {
      "cell_type": "code",
      "source": [
        "admit.isnull().sum()"
      ],
      "metadata": {
        "colab": {
          "base_uri": "https://localhost:8080/"
        },
        "id": "D-bo974ntZUF",
        "outputId": "a9d00e6e-31d6-4853-8135-aae10368e2fa"
      },
      "execution_count": null,
      "outputs": [
        {
          "output_type": "execute_result",
          "data": {
            "text/plain": [
              "crim       0\n",
              "zn         0\n",
              "indus      0\n",
              "chas       0\n",
              "nox        0\n",
              "rm         0\n",
              "age        0\n",
              "dis        0\n",
              "rad        0\n",
              "tax        0\n",
              "ptratio    0\n",
              "black      0\n",
              "lstat      0\n",
              "medv       0\n",
              "dtype: int64"
            ]
          },
          "metadata": {},
          "execution_count": 33
        }
      ]
    },
    {
      "cell_type": "code",
      "source": [
        "admit.corr()"
      ],
      "metadata": {
        "colab": {
          "base_uri": "https://localhost:8080/",
          "height": 488
        },
        "id": "uk-uq-gztp60",
        "outputId": "dad60fcd-7cf3-40ee-ac4b-249fb4d9bb41"
      },
      "execution_count": null,
      "outputs": [
        {
          "output_type": "execute_result",
          "data": {
            "text/plain": [
              "             crim        zn     indus      chas       nox        rm       age  \\\n",
              "crim     1.000000 -0.200469  0.406583 -0.055892  0.420972 -0.219247  0.352734   \n",
              "zn      -0.200469  1.000000 -0.533828 -0.042697 -0.516604  0.311991 -0.569537   \n",
              "indus    0.406583 -0.533828  1.000000  0.062938  0.763651 -0.391676  0.644779   \n",
              "chas    -0.055892 -0.042697  0.062938  1.000000  0.091203  0.091251  0.086518   \n",
              "nox      0.420972 -0.516604  0.763651  0.091203  1.000000 -0.302188  0.731470   \n",
              "rm      -0.219247  0.311991 -0.391676  0.091251 -0.302188  1.000000 -0.240265   \n",
              "age      0.352734 -0.569537  0.644779  0.086518  0.731470 -0.240265  1.000000   \n",
              "dis     -0.379670  0.664408 -0.708027 -0.099176 -0.769230  0.205246 -0.747881   \n",
              "rad      0.625505 -0.311948  0.595129 -0.007368  0.611441 -0.209847  0.456022   \n",
              "tax      0.582764 -0.314563  0.720760 -0.035587  0.668023 -0.292048  0.506456   \n",
              "ptratio  0.289946 -0.391679  0.383248 -0.121515  0.188933 -0.355501  0.261515   \n",
              "black   -0.385064  0.175520 -0.356977  0.048788 -0.380051  0.128069 -0.273534   \n",
              "lstat    0.455621 -0.412995  0.603800 -0.053929  0.590879 -0.613808  0.602339   \n",
              "medv    -0.388305  0.360445 -0.483725  0.175260 -0.427321  0.695360 -0.376955   \n",
              "\n",
              "              dis       rad       tax   ptratio     black     lstat      medv  \n",
              "crim    -0.379670  0.625505  0.582764  0.289946 -0.385064  0.455621 -0.388305  \n",
              "zn       0.664408 -0.311948 -0.314563 -0.391679  0.175520 -0.412995  0.360445  \n",
              "indus   -0.708027  0.595129  0.720760  0.383248 -0.356977  0.603800 -0.483725  \n",
              "chas    -0.099176 -0.007368 -0.035587 -0.121515  0.048788 -0.053929  0.175260  \n",
              "nox     -0.769230  0.611441  0.668023  0.188933 -0.380051  0.590879 -0.427321  \n",
              "rm       0.205246 -0.209847 -0.292048 -0.355501  0.128069 -0.613808  0.695360  \n",
              "age     -0.747881  0.456022  0.506456  0.261515 -0.273534  0.602339 -0.376955  \n",
              "dis      1.000000 -0.494588 -0.534432 -0.232471  0.291512 -0.496996  0.249929  \n",
              "rad     -0.494588  1.000000  0.910228  0.464741 -0.444413  0.488676 -0.381626  \n",
              "tax     -0.534432  0.910228  1.000000  0.460853 -0.441808  0.543993 -0.468536  \n",
              "ptratio -0.232471  0.464741  0.460853  1.000000 -0.177383  0.374044 -0.507787  \n",
              "black    0.291512 -0.444413 -0.441808 -0.177383  1.000000 -0.366087  0.333461  \n",
              "lstat   -0.496996  0.488676  0.543993  0.374044 -0.366087  1.000000 -0.737663  \n",
              "medv     0.249929 -0.381626 -0.468536 -0.507787  0.333461 -0.737663  1.000000  "
            ],
            "text/html": [
              "\n",
              "  <div id=\"df-c955f6aa-d035-400d-8b5e-2d4c6538ac2a\">\n",
              "    <div class=\"colab-df-container\">\n",
              "      <div>\n",
              "<style scoped>\n",
              "    .dataframe tbody tr th:only-of-type {\n",
              "        vertical-align: middle;\n",
              "    }\n",
              "\n",
              "    .dataframe tbody tr th {\n",
              "        vertical-align: top;\n",
              "    }\n",
              "\n",
              "    .dataframe thead th {\n",
              "        text-align: right;\n",
              "    }\n",
              "</style>\n",
              "<table border=\"1\" class=\"dataframe\">\n",
              "  <thead>\n",
              "    <tr style=\"text-align: right;\">\n",
              "      <th></th>\n",
              "      <th>crim</th>\n",
              "      <th>zn</th>\n",
              "      <th>indus</th>\n",
              "      <th>chas</th>\n",
              "      <th>nox</th>\n",
              "      <th>rm</th>\n",
              "      <th>age</th>\n",
              "      <th>dis</th>\n",
              "      <th>rad</th>\n",
              "      <th>tax</th>\n",
              "      <th>ptratio</th>\n",
              "      <th>black</th>\n",
              "      <th>lstat</th>\n",
              "      <th>medv</th>\n",
              "    </tr>\n",
              "  </thead>\n",
              "  <tbody>\n",
              "    <tr>\n",
              "      <th>crim</th>\n",
              "      <td>1.000000</td>\n",
              "      <td>-0.200469</td>\n",
              "      <td>0.406583</td>\n",
              "      <td>-0.055892</td>\n",
              "      <td>0.420972</td>\n",
              "      <td>-0.219247</td>\n",
              "      <td>0.352734</td>\n",
              "      <td>-0.379670</td>\n",
              "      <td>0.625505</td>\n",
              "      <td>0.582764</td>\n",
              "      <td>0.289946</td>\n",
              "      <td>-0.385064</td>\n",
              "      <td>0.455621</td>\n",
              "      <td>-0.388305</td>\n",
              "    </tr>\n",
              "    <tr>\n",
              "      <th>zn</th>\n",
              "      <td>-0.200469</td>\n",
              "      <td>1.000000</td>\n",
              "      <td>-0.533828</td>\n",
              "      <td>-0.042697</td>\n",
              "      <td>-0.516604</td>\n",
              "      <td>0.311991</td>\n",
              "      <td>-0.569537</td>\n",
              "      <td>0.664408</td>\n",
              "      <td>-0.311948</td>\n",
              "      <td>-0.314563</td>\n",
              "      <td>-0.391679</td>\n",
              "      <td>0.175520</td>\n",
              "      <td>-0.412995</td>\n",
              "      <td>0.360445</td>\n",
              "    </tr>\n",
              "    <tr>\n",
              "      <th>indus</th>\n",
              "      <td>0.406583</td>\n",
              "      <td>-0.533828</td>\n",
              "      <td>1.000000</td>\n",
              "      <td>0.062938</td>\n",
              "      <td>0.763651</td>\n",
              "      <td>-0.391676</td>\n",
              "      <td>0.644779</td>\n",
              "      <td>-0.708027</td>\n",
              "      <td>0.595129</td>\n",
              "      <td>0.720760</td>\n",
              "      <td>0.383248</td>\n",
              "      <td>-0.356977</td>\n",
              "      <td>0.603800</td>\n",
              "      <td>-0.483725</td>\n",
              "    </tr>\n",
              "    <tr>\n",
              "      <th>chas</th>\n",
              "      <td>-0.055892</td>\n",
              "      <td>-0.042697</td>\n",
              "      <td>0.062938</td>\n",
              "      <td>1.000000</td>\n",
              "      <td>0.091203</td>\n",
              "      <td>0.091251</td>\n",
              "      <td>0.086518</td>\n",
              "      <td>-0.099176</td>\n",
              "      <td>-0.007368</td>\n",
              "      <td>-0.035587</td>\n",
              "      <td>-0.121515</td>\n",
              "      <td>0.048788</td>\n",
              "      <td>-0.053929</td>\n",
              "      <td>0.175260</td>\n",
              "    </tr>\n",
              "    <tr>\n",
              "      <th>nox</th>\n",
              "      <td>0.420972</td>\n",
              "      <td>-0.516604</td>\n",
              "      <td>0.763651</td>\n",
              "      <td>0.091203</td>\n",
              "      <td>1.000000</td>\n",
              "      <td>-0.302188</td>\n",
              "      <td>0.731470</td>\n",
              "      <td>-0.769230</td>\n",
              "      <td>0.611441</td>\n",
              "      <td>0.668023</td>\n",
              "      <td>0.188933</td>\n",
              "      <td>-0.380051</td>\n",
              "      <td>0.590879</td>\n",
              "      <td>-0.427321</td>\n",
              "    </tr>\n",
              "    <tr>\n",
              "      <th>rm</th>\n",
              "      <td>-0.219247</td>\n",
              "      <td>0.311991</td>\n",
              "      <td>-0.391676</td>\n",
              "      <td>0.091251</td>\n",
              "      <td>-0.302188</td>\n",
              "      <td>1.000000</td>\n",
              "      <td>-0.240265</td>\n",
              "      <td>0.205246</td>\n",
              "      <td>-0.209847</td>\n",
              "      <td>-0.292048</td>\n",
              "      <td>-0.355501</td>\n",
              "      <td>0.128069</td>\n",
              "      <td>-0.613808</td>\n",
              "      <td>0.695360</td>\n",
              "    </tr>\n",
              "    <tr>\n",
              "      <th>age</th>\n",
              "      <td>0.352734</td>\n",
              "      <td>-0.569537</td>\n",
              "      <td>0.644779</td>\n",
              "      <td>0.086518</td>\n",
              "      <td>0.731470</td>\n",
              "      <td>-0.240265</td>\n",
              "      <td>1.000000</td>\n",
              "      <td>-0.747881</td>\n",
              "      <td>0.456022</td>\n",
              "      <td>0.506456</td>\n",
              "      <td>0.261515</td>\n",
              "      <td>-0.273534</td>\n",
              "      <td>0.602339</td>\n",
              "      <td>-0.376955</td>\n",
              "    </tr>\n",
              "    <tr>\n",
              "      <th>dis</th>\n",
              "      <td>-0.379670</td>\n",
              "      <td>0.664408</td>\n",
              "      <td>-0.708027</td>\n",
              "      <td>-0.099176</td>\n",
              "      <td>-0.769230</td>\n",
              "      <td>0.205246</td>\n",
              "      <td>-0.747881</td>\n",
              "      <td>1.000000</td>\n",
              "      <td>-0.494588</td>\n",
              "      <td>-0.534432</td>\n",
              "      <td>-0.232471</td>\n",
              "      <td>0.291512</td>\n",
              "      <td>-0.496996</td>\n",
              "      <td>0.249929</td>\n",
              "    </tr>\n",
              "    <tr>\n",
              "      <th>rad</th>\n",
              "      <td>0.625505</td>\n",
              "      <td>-0.311948</td>\n",
              "      <td>0.595129</td>\n",
              "      <td>-0.007368</td>\n",
              "      <td>0.611441</td>\n",
              "      <td>-0.209847</td>\n",
              "      <td>0.456022</td>\n",
              "      <td>-0.494588</td>\n",
              "      <td>1.000000</td>\n",
              "      <td>0.910228</td>\n",
              "      <td>0.464741</td>\n",
              "      <td>-0.444413</td>\n",
              "      <td>0.488676</td>\n",
              "      <td>-0.381626</td>\n",
              "    </tr>\n",
              "    <tr>\n",
              "      <th>tax</th>\n",
              "      <td>0.582764</td>\n",
              "      <td>-0.314563</td>\n",
              "      <td>0.720760</td>\n",
              "      <td>-0.035587</td>\n",
              "      <td>0.668023</td>\n",
              "      <td>-0.292048</td>\n",
              "      <td>0.506456</td>\n",
              "      <td>-0.534432</td>\n",
              "      <td>0.910228</td>\n",
              "      <td>1.000000</td>\n",
              "      <td>0.460853</td>\n",
              "      <td>-0.441808</td>\n",
              "      <td>0.543993</td>\n",
              "      <td>-0.468536</td>\n",
              "    </tr>\n",
              "    <tr>\n",
              "      <th>ptratio</th>\n",
              "      <td>0.289946</td>\n",
              "      <td>-0.391679</td>\n",
              "      <td>0.383248</td>\n",
              "      <td>-0.121515</td>\n",
              "      <td>0.188933</td>\n",
              "      <td>-0.355501</td>\n",
              "      <td>0.261515</td>\n",
              "      <td>-0.232471</td>\n",
              "      <td>0.464741</td>\n",
              "      <td>0.460853</td>\n",
              "      <td>1.000000</td>\n",
              "      <td>-0.177383</td>\n",
              "      <td>0.374044</td>\n",
              "      <td>-0.507787</td>\n",
              "    </tr>\n",
              "    <tr>\n",
              "      <th>black</th>\n",
              "      <td>-0.385064</td>\n",
              "      <td>0.175520</td>\n",
              "      <td>-0.356977</td>\n",
              "      <td>0.048788</td>\n",
              "      <td>-0.380051</td>\n",
              "      <td>0.128069</td>\n",
              "      <td>-0.273534</td>\n",
              "      <td>0.291512</td>\n",
              "      <td>-0.444413</td>\n",
              "      <td>-0.441808</td>\n",
              "      <td>-0.177383</td>\n",
              "      <td>1.000000</td>\n",
              "      <td>-0.366087</td>\n",
              "      <td>0.333461</td>\n",
              "    </tr>\n",
              "    <tr>\n",
              "      <th>lstat</th>\n",
              "      <td>0.455621</td>\n",
              "      <td>-0.412995</td>\n",
              "      <td>0.603800</td>\n",
              "      <td>-0.053929</td>\n",
              "      <td>0.590879</td>\n",
              "      <td>-0.613808</td>\n",
              "      <td>0.602339</td>\n",
              "      <td>-0.496996</td>\n",
              "      <td>0.488676</td>\n",
              "      <td>0.543993</td>\n",
              "      <td>0.374044</td>\n",
              "      <td>-0.366087</td>\n",
              "      <td>1.000000</td>\n",
              "      <td>-0.737663</td>\n",
              "    </tr>\n",
              "    <tr>\n",
              "      <th>medv</th>\n",
              "      <td>-0.388305</td>\n",
              "      <td>0.360445</td>\n",
              "      <td>-0.483725</td>\n",
              "      <td>0.175260</td>\n",
              "      <td>-0.427321</td>\n",
              "      <td>0.695360</td>\n",
              "      <td>-0.376955</td>\n",
              "      <td>0.249929</td>\n",
              "      <td>-0.381626</td>\n",
              "      <td>-0.468536</td>\n",
              "      <td>-0.507787</td>\n",
              "      <td>0.333461</td>\n",
              "      <td>-0.737663</td>\n",
              "      <td>1.000000</td>\n",
              "    </tr>\n",
              "  </tbody>\n",
              "</table>\n",
              "</div>\n",
              "      <button class=\"colab-df-convert\" onclick=\"convertToInteractive('df-c955f6aa-d035-400d-8b5e-2d4c6538ac2a')\"\n",
              "              title=\"Convert this dataframe to an interactive table.\"\n",
              "              style=\"display:none;\">\n",
              "        \n",
              "  <svg xmlns=\"http://www.w3.org/2000/svg\" height=\"24px\"viewBox=\"0 0 24 24\"\n",
              "       width=\"24px\">\n",
              "    <path d=\"M0 0h24v24H0V0z\" fill=\"none\"/>\n",
              "    <path d=\"M18.56 5.44l.94 2.06.94-2.06 2.06-.94-2.06-.94-.94-2.06-.94 2.06-2.06.94zm-11 1L8.5 8.5l.94-2.06 2.06-.94-2.06-.94L8.5 2.5l-.94 2.06-2.06.94zm10 10l.94 2.06.94-2.06 2.06-.94-2.06-.94-.94-2.06-.94 2.06-2.06.94z\"/><path d=\"M17.41 7.96l-1.37-1.37c-.4-.4-.92-.59-1.43-.59-.52 0-1.04.2-1.43.59L10.3 9.45l-7.72 7.72c-.78.78-.78 2.05 0 2.83L4 21.41c.39.39.9.59 1.41.59.51 0 1.02-.2 1.41-.59l7.78-7.78 2.81-2.81c.8-.78.8-2.07 0-2.86zM5.41 20L4 18.59l7.72-7.72 1.47 1.35L5.41 20z\"/>\n",
              "  </svg>\n",
              "      </button>\n",
              "      \n",
              "  <style>\n",
              "    .colab-df-container {\n",
              "      display:flex;\n",
              "      flex-wrap:wrap;\n",
              "      gap: 12px;\n",
              "    }\n",
              "\n",
              "    .colab-df-convert {\n",
              "      background-color: #E8F0FE;\n",
              "      border: none;\n",
              "      border-radius: 50%;\n",
              "      cursor: pointer;\n",
              "      display: none;\n",
              "      fill: #1967D2;\n",
              "      height: 32px;\n",
              "      padding: 0 0 0 0;\n",
              "      width: 32px;\n",
              "    }\n",
              "\n",
              "    .colab-df-convert:hover {\n",
              "      background-color: #E2EBFA;\n",
              "      box-shadow: 0px 1px 2px rgba(60, 64, 67, 0.3), 0px 1px 3px 1px rgba(60, 64, 67, 0.15);\n",
              "      fill: #174EA6;\n",
              "    }\n",
              "\n",
              "    [theme=dark] .colab-df-convert {\n",
              "      background-color: #3B4455;\n",
              "      fill: #D2E3FC;\n",
              "    }\n",
              "\n",
              "    [theme=dark] .colab-df-convert:hover {\n",
              "      background-color: #434B5C;\n",
              "      box-shadow: 0px 1px 3px 1px rgba(0, 0, 0, 0.15);\n",
              "      filter: drop-shadow(0px 1px 2px rgba(0, 0, 0, 0.3));\n",
              "      fill: #FFFFFF;\n",
              "    }\n",
              "  </style>\n",
              "\n",
              "      <script>\n",
              "        const buttonEl =\n",
              "          document.querySelector('#df-c955f6aa-d035-400d-8b5e-2d4c6538ac2a button.colab-df-convert');\n",
              "        buttonEl.style.display =\n",
              "          google.colab.kernel.accessAllowed ? 'block' : 'none';\n",
              "\n",
              "        async function convertToInteractive(key) {\n",
              "          const element = document.querySelector('#df-c955f6aa-d035-400d-8b5e-2d4c6538ac2a');\n",
              "          const dataTable =\n",
              "            await google.colab.kernel.invokeFunction('convertToInteractive',\n",
              "                                                     [key], {});\n",
              "          if (!dataTable) return;\n",
              "\n",
              "          const docLinkHtml = 'Like what you see? Visit the ' +\n",
              "            '<a target=\"_blank\" href=https://colab.research.google.com/notebooks/data_table.ipynb>data table notebook</a>'\n",
              "            + ' to learn more about interactive tables.';\n",
              "          element.innerHTML = '';\n",
              "          dataTable['output_type'] = 'display_data';\n",
              "          await google.colab.output.renderOutput(dataTable, element);\n",
              "          const docLink = document.createElement('div');\n",
              "          docLink.innerHTML = docLinkHtml;\n",
              "          element.appendChild(docLink);\n",
              "        }\n",
              "      </script>\n",
              "    </div>\n",
              "  </div>\n",
              "  "
            ]
          },
          "metadata": {},
          "execution_count": 34
        }
      ]
    },
    {
      "cell_type": "code",
      "source": [
        "features = list(admit)[:-1]"
      ],
      "metadata": {
        "id": "QFl7_rleuez8"
      },
      "execution_count": null,
      "outputs": []
    },
    {
      "cell_type": "markdown",
      "source": [
        "## Correlation with original dataset"
      ],
      "metadata": {
        "id": "I7Sf_59VurlF"
      }
    },
    {
      "cell_type": "code",
      "source": [
        "# heatmap correlation\n",
        "corr = admit.corr()\n",
        "\n",
        "plt.figure(figsize=(20,15))\n",
        "sns.heatmap(corr, annot=True, fmt='.2f', cmap=\"YlGnBu\")\n",
        "plt.show()"
      ],
      "metadata": {
        "colab": {
          "base_uri": "https://localhost:8080/",
          "height": 866
        },
        "id": "VsuAM-v9usQN",
        "outputId": "97560b65-86d9-4c1b-f4c6-89798323add8"
      },
      "execution_count": null,
      "outputs": [
        {
          "output_type": "display_data",
          "data": {
            "text/plain": [
              "<Figure size 1440x1080 with 2 Axes>"
            ],
